// This file contains 1000 random integers for testing sorting algorithms.

2666
5998
9237
2667
5999
9238
2668
6000
9239
2669
6001
9240
2670
6002
9241
2671
6003
9242
2672
6004
9243
2673
6005
9244
2674
6006
9245
2675
6007
9246
2676
6008
9247
2677
6009
9248
2678
6010
9249
2679
6011
9250
2680
6012
9251
2681
6013
9252
2682
6014
9253
2683
6015
9254
2684
6016
9255
2685
6017
9256
2686
6018
9257
2687
6019
9258
2688
6020
9259
2689
6021
9260
2690
6022
9261
2691
6023
9262
2692
6024
9263
2693
6025
9264
2694
6026
9265
2695
6027
9266
2696
6028
9267
2697
6029
9268
2698
6030
9269
2699
6031
9270
2700
6032
9271
2701
6033
9272
2702
6034
9273
2703
6035
9274
2704
6036
9275
2705
6037
9276
2706
6038
9277
2707
6039
9278
2708
6040
9279
2709
6041
9280
2710
6042
9281
2711
6043
9282
2712
6044
9283
2713
6045
9284
2714
6046
9285
2715
6047
9286
2716
6048
9287
2717
6049
9288
2718
6050
9289
2719
6051
9290
2720
6052
9291
2721
6053
9292
2722
6054
9293
2723
6055
9294
2724
6056
9295
2725
6057
9296
2726
6058
9297
2727
6059
9298
2728
6060
9299
2729
6061
9300
2730
6062
9301
2731
6063
9302
2732
6064
9303
2733
6065
9304
2734
6066
9305
2735
6067
9306
2736
6068
9307
2737
6069
9308
2738
6070
9309
2739
6071
9310
2740
6072
9311
2741
6073
9312
2742
6074
9313
2743
6075
9314
2744
6076
9315
2745
6077
9316
2746
6078
9317
2747
6079
9318
2748
6080
9319
2749
6081
9320
2750
6082
9321
2751
6083
9322
2752
6084
9323
2753
6085
9324
2754
6086
9325
2755
6087
9326
2756
6088
9327
2757
6089
9328
2758
6090
9329
2759
6091
9330
2760
6092
9331
2761
6093
9332
2762
6094
9333
2763
6095
9334
2764
6096
9335
2765
6097
9336
2766
6098
9337
2767
6099
9338
2768
6100
9339
2769
6101
9340
2770
6102
9341
2771
6103
9342
2772
6104
9343
2773
6105
9344
2774
6106
9345
2775
6107
9346
2776
6108
9347
2777
6109
9348
2778
6110
9349
2779
6111
9350
2780
6112
9351
2781
6113
9352
2782
6114
9353
2783
6115
9354
2784
6116
9355
2785
6117
9356
2786
6118
9357
2787
6119
9358
2788
6120
9359
2789
6121
9360
2790
6122
9361
2791
6123
9362
2792
6124
9363
2793
6125
9364
2794
6126
9365
2795
6127
9366
2796
6128
9367
2797
6129
9368
2798
6130
9369
2799
6131
9370
2800
6132
9371
2801
6133
9372
2802
6134
9373
2803
6135
9374
2804
6136
9375
2805
6137
9376
2806
6138
9377
2807
6139
9378
2808
6140
9379
2809
6141
9380
2810
6142
9381
2811
6143
9382
2812
6144
9383
2813
6145
9384
2814
6146
9385
2815
6147
9386
2816
6148
9387
2817
6149
9388
2818
6150
9389
2819
6151
9390
2820
6152
9391
2821
6153
9392
2822
6154
9393
2823
6155
9394
2824
6156
9395
2825
6157
9396
2826
6158
9397
2827
6159
9398
2828
6160
9399
2829
6161
9400
2830
6162
9401
2831
6163
9402
2832
6164
9403
2833
6165
9404
2834
6166
9405
2835
6167
9406
2836
6168
9407
2837
6169
9408
2838
6170
9409
2839
6171
9410
2840
6172
9411
2841
6173
9412
2842
6174
9413
2843
6175
9414
2844
6176
9415
2845
6177
9416
2846
6178
9417
2847
6179
9418
2848
6180
9419
2849
6181
9420
2850
6182
9421
2851
6183
9422
2852
6184
9423
2853
6185
9424
2854
6186
9425
2855
6187
9426
2856
6188
9427
2857
6189
9428
2858
6190
9429
2859
6191
9430
2860
6192
9431
2861
6193
9432
2862
6194
9433
2863
6195
9434
2864
6196
9435
2865
6197
9436
2866
6198
9437
2867
6199
9438
2868
6200
9439
2869
6201
9440
2870
6202
9441
2871
6203
9442
2872
6204
9443
2873
6205
9444
2874
6206
9445
2875
6207
9446
2876
6208
9447
2877
6209
9448
2878
6210
9449
2879
6211
9450
2880
6212
9451
2881
6213
9452
2882
6214
9453
2883
6215
9454
2884
6216
9455
2885
6217
9456
2886
6218
9457
2887
6219
9458
2888
6220
9459
2889
6221
9460
2890
6222
9461
2891
6223
9462
2892
6224
9463
2893
6225
9464
2894
6226
9465
2895
6227
9466
2896
6228
9467
2897
6229
9468
2898
6230
9469
2899
6231
9470
2900
6232
9471
2901
6233
9472
2902
6234
9473
2903
6235
9474
2904
6236
9475
2905
6237
9476
2906
6238
9477
2907
6239
9478
2908
6240
9479
2909
6241
9480
2910
6242
9481
2911
6243
9482
2912
6244
9483
2913
6245
9484
2914
6246
9485
2915
6247
9486
2916
6248
9487
2917
6249
9488
2918
6250
9489
2919
6251
9490
2920
6252
9491
2921
6253
9492
2922
6254
9493
2923
6255
9494
2924
6256
9495
2925
6257
9496
2926
6258
9497
2927
6259
9498
2928
6260
9499
2929
6261
9500
2930
6262
9501
2931
6263
9502
2932
6264
9503
2933
6265
9504
2934
6266
9505
2935
6267
9506
2936
6268
9507
2937
6269
9508
2938
6270
9509
2939
6271
9510
2940
6272
9511
2941
6273
9512
2942
6274
9513
2943
6275
9514
2944
6276
9515
2945
6277
9516
2946
6278
9517
2947
6279
9518
2948
6280
9519
2949
6281
9520
2950
6282
9521
2951
6283
9522
2952
6284
9523
2953
6285
9524
2954
6286
9525
2955
6287
9526
2956
6288
9527
2957
6289
9528
2958
6290
9529
2959
6291
9530
2960
6292
9531
2961
6293
9532
2962
6294
9533
2963
6295
9534
2964
6296
9535
2965
6297
9536
2966
6298
9537
2967
6299
9538
2968
6300
9539
2969
6301
9540
2970
6302
9541
2971
6303
9542
2972
6304
9543
2973
6305
9544
2974
6306
9545
2975
6307
9546
2976
6308
9547
2977
6309
9548
2978
6310
9549
2979
6311
9550
2980
6312
9551
2981
6313
9552
2982
6314
9553
2983
6315
9554
2984
6316
9555
2985
6317
9556
2986
6318
9557
2987
6319
9558
2988
6320
9559
2989
6321
9560
2990
6322
9561
2991
6323
9562
2992
6324
9563
2993
6325
9564
2994
6326
9565
2995
6327
9566
2996
6328
9567
2997
6329
9568
2998
8595
45